0 0.266544 0.269608 0.0330882 0.0490196 0.252248
0 0.540441 0.323529 0.0441176 0.0588235 0.258123
0 0.5 0.306373 0.0441176 0.0539216 0.278538
0 0.981618 0.401961 0.0294118 0.0392157 0.291176
0 0.759191 0.446078 0.0257353 0.0392157 0.316103
0 0.829044 0.35049 0.0330882 0.0539216 0.327779
0 0.231618 0.0882353 0.0441176 0.0588235 0.369315
0 0.569853 0.397059 0.0441176 0.0784314 0.396282
0 0.588235 0.686275 0.0441176 0.0588235 0.4234
0 0.191176 0.406863 0.0367647 0.0588235 0.454309
0 0.591912 0.546569 0.0441176 0.0637255 0.487419
0 0.483456 0.134804 0.0625 0.0833333 0.558948
0 0.696691 0.323529 0.0625 0.0784314 0.576123
0 0.527574 0.394608 0.0551471 0.0735294 0.59431
