0 0.440789 0.744444 0.0482456 0.0555556 0.271859
0 0.296053 0.508333 0.0394737 0.0388889 0.278128
0 0.945175 0.302778 0.0482456 0.0611111 0.317071
0 0.337719 0.463889 0.0526316 0.0611111 0.335189
0 0.473684 0.45 0.0614035 0.0666667 0.336596
0 0.769737 0.672222 0.0745614 0.0777778 0.383918
0 0.175439 0.411111 0.0789474 0.1 0.403798
0 0.923246 0.825 0.153509 0.327778 0.435555
0 0.0394737 0.505556 0.0789474 0.133333 0.438435
0 0.618421 0.608333 0.0701754 0.0833333 0.467617
0 0.570175 0.280556 0.0789474 0.0944444 0.556353
