0 0.08333333333333334 0.7225 0.05555555555555556 0.055
0 0.35370370370370374 0.5925 0.02592592592592593 0.025
0 0.3851851851851852 0.6825 0.014814814814814815 0.035
0 0.40185185185185185 0.805 0.02592592592592593 0.03
0 0.46296296296296297 0.81 0.022222222222222223 0.03
0 0.5925925925925926 0.8200000000000001 0.037037037037037035 0.05
0 0.6425925925925926 0.8425 0.03333333333333333 0.035
0 0.7759259259259259 0.4825 0.040740740740740744 0.045
0 0.8722222222222222 0.545 0.05555555555555556 0.06
0 0.03888888888888889 0.9375 0.06296296296296297 0.065
0 0.12407407407407407 0.845 0.040740740740740744 0.05
0 0.8648148148148148 0.9500000000000001 0.07037037037037037 0.06
0 0.9333333333333333 0.1775 0.02962962962962963 0.035
0 0.15925925925925927 0.2675 0.02962962962962963 0.045
