0 0.4779411764705882 0.1323529411764706 0.0661764705882353 0.08823529411764705
0 0.6856617647058824 0.321078431372549 0.06985294117647059 0.09313725490196079
0 0.5220588235294118 0.3872549019607843 0.058823529411764705 0.08823529411764705
0 0.5625 0.39705882352941174 0.044117647058823525 0.09803921568627451
0 0.5882352941176471 0.5343137254901961 0.044117647058823525 0.0784313725490196
0 0.5845588235294118 0.6838235294117647 0.044117647058823525 0.05392156862745098
0 0.8216911764705882 0.3529411764705882 0.04044117647058824 0.049019607843137254
0 0.9761029411764706 0.3946078431372549 0.03308823529411765 0.044117647058823525
0 0.2702205882352941 0.2696078431372549 0.04779411764705882 0.0392156862745098
0 0.18566176470588236 0.3995098039215686 0.04044117647058824 0.06372549019607843
0 0.22794117647058823 0.09068627450980392 0.044117647058823525 0.06372549019607843
0 0.7573529411764706 0.4485294117647059 0.029411764705882353 0.044117647058823525
