0 0.5635964912280701 0.28055555555555556 0.06578947368421052 0.09444444444444444
0 0.4671052631578947 0.4388888888888889 0.05701754385964912 0.08888888888888889
0 0.5964912280701754 0.6194444444444445 0.07894736842105263 0.10555555555555556
0 0.7543859649122806 0.6944444444444444 0.09649122807017543 0.07777777777777778
0 0.9407894736842105 0.3 0.039473684210526314 0.044444444444444446
0 0.17105263157894735 0.4138888888888889 0.07894736842105263 0.09444444444444444
0 0.039473684210526314 0.48333333333333334 0.07894736842105263 0.18888888888888888
0 0.3355263157894737 0.46111111111111114 0.04824561403508772 0.05555555555555556
0 0.3881578947368421 0.5527777777777778 0.03070175438596491 0.03888888888888889
0 0.43859649122807015 0.7361111111111112 0.03508771929824561 0.05
0 0.36184210526315785 0.8277777777777778 0.03070175438596491 0.044444444444444446
0 0.30921052631578944 0.8416666666666667 0.04824561403508772 0.02777777777777778
0 0.30921052631578944 0.5583333333333333 0.04824561403508772 0.03888888888888889
0 0.2982456140350877 0.5083333333333333 0.043859649122807015 0.03888888888888889
