0 0.5091911764705882 0.37745098039215685 0.04779411764705882 0.06862745098039216
0 0.5551470588235294 0.2965686274509804 0.044117647058823525 0.07352941176470588
0 0.5275735294117647 0.14950980392156862 0.03308823529411765 0.044117647058823525
0 0.5735294117647058 0.11764705882352941 0.029411764705882353 0.058823529411764705
0 0.5533088235294118 0.09068627450980392 0.04044117647058824 0.044117647058823525
0 0.3584558823529412 0.2965686274509804 0.04044117647058824 0.06372549019607843
0 0.40441176470588236 0.2696078431372549 0.03676470588235294 0.058823529411764705
0 0.4613970588235294 0.6593137254901961 0.04779411764705882 0.06372549019607843
0 0.47058823529411764 0.7598039215686274 0.029411764705882353 0.049019607843137254
0 0.9393382352941176 0.553921568627451 0.03308823529411765 0.049019607843137254
